y = a * xb

a =  3.6894704825347235E-01
b = -7.0044358329511613E-01